187,1
187,3
185,1
185,3
186,1
186,3
184,1
184,3
10,71
10,29
10,121
10,221
10,105
10,143
10,181
10,2
10,3
9,5
9,7
9,2
9,3
8,17
8,8
8,10
8,5
8,11
8,3
183,3
183,1
20,3
20,2
20,1
19,3
19,2
19,1
12,3
12,2
12,1
11,30
11,29
11,28
11,27
11,26
11,25
11,24
11,23
11,22
11,21
11,20
11,19
11,18
11,17
11,16
11,15
11,14
11,13
11,12
11,11
11,10
11,9
11,8
11,7
11,6
11,5
11,4
11,3
11,2
11,1
10,316
10,314
10,313
10,310
10,309
10,308
10,307
10,306
10,305
10,304
10,303
10,302
10,301
10,300
10,299
10,297
10,296
10,295
10,294
10,291
10,290
10,289
10,288
10,287
10,283
10,282
10,279
10,278
10,276
10,275
10,274
10,272
10,269
10,265
10,262
10,260
10,259
10,258
10,257
10,256
10,254
10,250
10,249
10,246
10,245
10,243
18,1
10,242
10,241
10,240
10,237
10,236
10,235
18,3
